0001	20190815	903	1000	1000	1000	1000	5000
0001	20190815	906	1000	1000	1000	1000	5000
0001	20190815	909	1000	1000	1000	1000	5000
0001	20190815	912	1000	1000	1000	1000	5000
0001	20190815	915	1000	1000	1000	1000	5000
0001	20190815	918	1000	1000	1000	1000	5000
0001	20190815	921	1000	1000	1000	1000	5000
0001	20190815	924	1000	1000	1000	1000	5000
0001	20190815	927	1000	1000	1000	1000	5000
0001	20190815	930	1000	1000	1000	1000	5000
0001	20190815	933	1000	1000	1000	1000	5000
0001	20190815	936	1000	1000	1000	1000	5000
0001	20190815	939	1000	1000	1000	1000	5000
0001	20190815	942	1000	1000	1000	1000	5000
0001	20190815	945	1000	1000	1000	1000	5000
0001	20190815	948	1000	1000	1000	1000	5000
0001	20190815	951	1000	1000	1000	1000	5000
0001	20190815	954	1000	1000	1000	1000	5000
0001	20190815	957	1000	1000	1000	1000	5000
0001	20190815	1000	1000	1000	1000	1000	5000
0001	20190815	1003	1000	1000	1000	1000	5000
0001	20190815	1006	1000	1000	1000	1000	5000
0001	20190815	1009	1000	1000	1000	1000	5000
0001	20190815	1012	1000	1000	1000	1000	5000
0001	20190815	1015	1000	1000	1000	1000	5000
0001	20190815	1018	1000	1000	1000	1000	5000
0001	20190815	1021	1000	1000	1000	1000	5000
0001	20190815	1024	1000	1000	1000	1000	5000
0001	20190815	1027	1000	1000	1000	1000	5000
0001	20190815	1030	1000	1000	1000	1000	5000
0001	20190815	1033	1000	1000	1000	1000	5000
0001	20190815	1036	1000	1000	1000	1000	5000
0001	20190815	1039	1000	1000	1000	1000	5000
0001	20190815	1042	1000	1000	1000	1000	5000
0001	20190815	1045	1000	1000	1000	1000	5000
0001	20190815	1048	1000	1000	1000	1000	5000
0001	20190815	1051	1000	1000	1000	1000	5000
0001	20190815	1054	1000	1000	1000	1000	5000
0001	20190815	1057	1000	1000	1000	1000	5000
0001	20190815	1000	1000	1000	1000	1000	5000
0001	20190815	1103	1000	1000	1000	1000	5000
0001	20190815	1106	1000	1000	1000	1000	5000
0001	20190815	1109	1000	1000	1000	1000	5000
0001	20190815	1112	1000	1000	1000	1000	5000
0001	20190815	1115	1000	1000	1000	1000	5000
0001	20190815	1118	1000	1000	1000	1000	5000
0001	20190815	1121	1000	1000	1000	1000	5000
0001	20190815	1124	1000	1000	1000	1000	5000
0001	20190815	1127	1000	1000	1000	1000	5000
0001	20190815	1130	1000	1000	1000	1000	5000
0001	20190815	1133	1000	1000	1000	1000	5000
0001	20190815	1136	1000	1000	1000	1000	5000
0001	20190815	1139	1000	1000	1000	1000	5000
0001	20190815	1142	1000	1000	1000	1000	5000
0001	20190815	1145	1000	1000	1000	1000	5000
0001	20190815	1148	1000	1000	1000	1000	5000
0001	20190815	1151	1000	1000	1000	1000	5000
0001	20190815	1154	1000	1000	1000	1000	5000
0001	20190815	1157	1000	1000	1000	1000	5000
0001	20190815	1100	1000	1000	1000	1000	5000
0001	20190815	1203	1000	1000	1000	1000	5000
0001	20190815	1206	1000	1000	1000	1000	5000
0001	20190815	1209	1000	1000	1000	1000	5000
0001	20190815	1212	1000	1000	1000	1000	5000
0001	20190815	1215	1000	1000	1000	1000	5000
0001	20190815	1218	1000	1000	1000	1000	5000
0001	20190815	1221	1000	1000	1000	1000	5000
0001	20190815	1224	1000	1000	1000	1000	5000
0001	20190815	1227	1000	1000	1000	1000	5000
0001	20190815	1230	1000	1000	1000	1000	5000
0001	20190815	1233	1000	1000	1000	1000	5000
0001	20190815	1236	1000	1000	1000	1000	5000
0001	20190815	1239	1000	1000	1000	1000	5000
0001	20190815	1242	1000	1000	1000	1000	5000
0001	20190815	1245	1000	1000	1000	1000	5000
0001	20190815	1248	1000	1000	1000	1000	5000
0001	20190815	1251	1000	1000	1000	1000	5000
0001	20190815	1254	1000	1000	1000	1000	5000
0001	20190815	1257	1000	1000	1000	1000	5000
0001	20190815	1200	1000	1000	1000	1000	5000
0001	20190815	1303	1000	1000	1000	1000	5000
0001	20190815	1306	1000	1000	1000	1000	5000
0001	20190815	1309	1000	1000	1000	1000	5000
0001	20190815	1312	1000	1000	1000	1000	5000
0001	20190815	1315	1000	1000	1000	1000	5000
0001	20190815	1318	1000	1000	1000	1000	5000
0001	20190815	1321	1000	1000	1000	1000	5000
0001	20190815	1324	1000	1000	1000	1000	5000
0001	20190815	1327	1000	1000	1000	1000	5000
0001	20190815	1330	1000	1000	1000	1000	5000
0001	20190815	1333	1000	1000	1000	1000	5000
0001	20190815	1336	1000	1000	1000	1000	5000
0001	20190815	1339	1000	1000	1000	1000	5000
0001	20190815	1342	1000	1000	1000	1000	5000
0001	20190815	1345	1000	1000	1000	1000	5000
0001	20190815	1348	1000	1000	1000	1000	5000
0001	20190815	1351	1000	1000	1000	1000	5000
0001	20190815	1354	1000	1000	1000	1000	5000
0001	20190815	1357	1000	1000	1000	1000	5000
0001	20190815	1300	1000	1000	1000	1000	5000
0001	20190815	1403	1000	1000	1000	1000	5000
0001	20190815	1406	1000	1000	1000	1000	5000
0001	20190815	1409	1000	1000	1000	1000	5000
0001	20190815	1412	1000	1000	1000	1000	5000
0001	20190815	1415	1000	1000	1000	1000	5000
0001	20190815	1418	1000	1000	1000	1000	5000
0001	20190815	1421	1000	1000	1000	1000	5000
0001	20190815	1424	1000	1000	1000	1000	5000
0001	20190815	1427	1000	1000	1000	1000	5000
0001	20190815	1430	1000	1000	1000	1000	5000
0001	20190815	1433	1000	1000	1000	1000	5000
0001	20190815	1436	1000	1000	1000	1000	5000
0001	20190815	1439	1000	1000	1000	1000	5000
0001	20190815	1442	1000	1000	1000	1000	5000
0001	20190815	1445	1000	1000	1000	1000	5000
0001	20190815	1448	1000	1000	1000	1000	5000
0001	20190815	1451	1000	1000	1000	1000	5000
0001	20190815	1454	1000	1000	1000	1000	5000
0001	20190815	1457	1000	1000	1000	1000	5000
0001	20190815	1400	1000	1000	1000	1000	5000
0001	20190815	1503	1000	1000	1000	1000	5000
0001	20190815	1506	1000	1000	1000	1000	5000
0001	20190815	1509	1000	1000	1000	1000	5000
0001	20190815	1512	1000	1000	1000	1000	5000
0001	20190815	1515	1000	1000	1000	1000	5000
0001	20190815	1518	1000	1000	1000	1000	5000
0001	20190815	1521	1000	1000	1000	1000	5000
0001	20190815	1524	1000	1000	1000	1000	5000
0001	20190815	1527	1000	1000	1000	1000	5000
0001	20190815	1530	1000	1000	1000	1000	5000